 -0.000398902755630702
 -0.00069936642882048
 -0.0010990495102824
 -0.00163678520357949
 -0.00231241235600433
 -0.00307365329638445
 -0.0038094156912477
 -0.00435122856685096
 -0.00448353329078198
 -0.00396240525741396
 -0.00254112508519431
 -4.04560045330312e-18
 0.00382290516044502
 0.0090038250536331
 0.0155117483497688
 0.0231963381952849
 0.031787444411976
 0.0409070908929692
 0.0500934224045611
 0.0588347045912461
 0.066610257897801
 0.0729343205385297
 0.0773983904029751
 0.0797076518705316
 0.0797076518705316
 0.0773983904029751
 0.0729343205385297
 0.066610257897801
 0.0588347045912461
 0.0500934224045611
 0.0409070908929692
 0.031787444411976
 0.0231963381952849
 0.0155117483497688
 0.0090038250536331
 0.00382290516044502
 -4.04560045330312e-18
 -0.00254112508519431
 -0.00396240525741397
 -0.00448353329078198
 -0.00435122856685096
 -0.00380941569124771
 -0.00307365329638445
 -0.00231241235600433
 -0.00163678520357949
 -0.0010990495102824
 -0.000699366428820481
 -0.000398902755630702
 0.000496437897797721
 -5.78390176735623e-05
 -0.00100518882683293
 -0.00238063384022719
 -0.00394546816819641
 -0.00503940562003592
 -0.00465296744461744
 -0.00179714194532454
 0.00391477145956068
 0.0117195943678707
 0.0195062455304593
 0.0241994913595803
 0.0227323658172808
 0.0133306301518646
 -0.00338144084774147
 -0.0239745309423408
 -0.0428281754298262
 -0.0537121337748936
 -0.0518742613938519
 -0.0359041920633765
 -0.008640740474979
 0.0233152899406686
 0.0514280445172643
 0.0678314844969752
 0.0678314844969751
 0.0514280445172643
 0.0233152899406686
 -0.008640740474979
 -0.0359041920633766
 -0.0518742613938519
 -0.0537121337748936
 -0.0428281754298262
 -0.0239745309423408
 -0.00338144084774147
 0.0133306301518646
 0.0227323658172808
 0.0241994913595803
 0.0195062455304593
 0.0117195943678707
 0.00391477145956069
 -0.00179714194532455
 -0.00465296744461745
 -0.00503940562003592
 -0.00394546816819642
 -0.00238063384022719
 -0.00100518882683293
 -5.78390176735624e-05
 0.000496437897797721
 0.00020077066602435
 0.0013210525868927
 0.000959100452203913
 -0.00228322553250829
 -0.0044815592812117
 -0.00107791102869064
 0.00349515118092075
 0.00181263588353358
 -2.00709624188068e-05
 0.00817532144516178
 0.0135076881111429
 -0.00481357811571771
 -0.0291464838663213
 -0.020369714412028
 0.0098177156710116
 0.0107032908466298
 -0.00637216997991005
 0.0258942361100651
 0.0838619625221202
 0.0384604116148421
 -0.122700225967055
 -0.19358916715081
 -0.0238113769467078
 0.210550640599702
 0.210550640599702
 -0.023811376946708
 -0.19358916715081
 -0.122700225967055
 0.0384604116148421
 0.0838619625221202
 0.0258942361100651
 -0.00637216997991005
 0.0107032908466298
 0.0098177156710116
 -0.020369714412028
 -0.0291464838663213
 -0.00481357811571771
 0.0135076881111429
 0.00817532144516179
 -2.00709624188068e-05
 0.00181263588353358
 0.00349515118092075
 -0.00107791102869064
 -0.0044815592812117
 -0.00228322553250829
 0.000959100452203914
 0.00132105258689271
 0.00020077066602435
 0.00150578964137175
 -0.00186633735284427
 4.0178564802384e-05
 0.00024535960458273
 0.001315264853332
 0.00155332812160619
 -0.007737908659749
 0.00447210817630498
 0.00669075983380995
 -0.00661397074424262
 -5.06638535396889e-05
 -0.010458628702393
 0.019514475165193
 0.0101670579914912
 -0.0428369074450216
 0.0196093744315448
 0.0132184555070322
 0.0102710591244568
 -0.00869517148835957
 -0.0962981599967278
 0.140881503573415
 0.0487268739848872
 -0.264733720347816
 0.161309059124703
 0.161309059124702
 -0.264733720347816
 0.0487268739848872
 0.140881503573415
 -0.0962981599967278
 -0.00869517148835957
 0.0102710591244568
 0.0132184555070322
 0.0196093744315448
 -0.0428369074450216
 0.0101670579914912
 0.019514475165193
 -0.010458628702393
 -5.06638535396889e-05
 -0.00661397074424263
 0.00669075983380996
 0.00447210817630498
 -0.00773790865974901
 0.00155332812160619
 0.001315264853332
 0.00024535960458273
 4.01785648023841e-05
 -0.00186633735284427
 0.00150578964137175
 -0.00175446335566188
 0.00235680416004463
 -0.00267090259495767
 0.00243505593174465
 -0.0015393124521089
 0.000392677928355748
 -7.69637272661717e-05
 0.00196299238600213
 -0.00680677186620538
 0.0138080709247393
 -0.0203652682069873
 0.0230371144914653
 -0.0195448086466245
 0.0108650671520172
 -0.00208146372907495
 0.00103147249590897
 -0.0148543080993227
 0.0458055907641812
 -0.0884447497271816
 0.129996168258776
 -0.154339230779297
 0.148290723999057
 -0.107517666251156
 0.0393081973453242
 0.039308197345324
 -0.107517666251156
 0.148290723999057
 -0.154339230779297
 0.129996168258776
 -0.0884447497271815
 0.0458055907641812
 -0.0148543080993228
 0.00103147249590897
 -0.00208146372907495
 0.0108650671520172
 -0.0195448086466245
 0.0230371144914653
 -0.0203652682069873
 0.0138080709247393
 -0.00680677186620539
 0.00196299238600213
 -7.69637272661718e-05
 0.000392677928355747
 -0.0015393124521089
 0.00243505593174465
 -0.00267090259495767
 0.00235680416004463
 -0.00175446335566188
